.Random.seed <-
c(403L, 10L, 1685736070L, 2120170000L, -815505229L, 837745489L, 
-654092544L, 1830417886L, 329268777L, -1953942053L, -10962198L, 
-1632159604L, 990062543L, 1559461765L, -677262276L, 705649938L, 
-2084677107L, -1073352377L, -1658965202L, -1900040568L, -61585525L, 
2138629993L, -531211976L, 1259512806L, -791612543L, 651209491L, 
1382667458L, -977440908L, -159452297L, -317356947L, 332544772L, 
2103525930L, 2088497045L, -1494895569L, 956697910L, -1981950624L, 
154506147L, 738325697L, 1884026032L, 117838798L, 6813497L, -1537964213L, 
-1950976774L, 1723788796L, 1564819007L, 849298197L, -144621524L, 
601653506L, 1322232285L, -2083260201L, -602291266L, 1573422584L, 
-281222693L, 1722134585L, -369374840L, 439313718L, 246112113L, 
-2076062301L, -1711714062L, -1695134652L, 1261483783L, -502311203L, 
454563796L, 1497868026L, 1321097797L, -1739335009L, -38701018L, 
-323556176L, -2130084525L, 1239296113L, -1519012448L, 2106861886L, 
-1935640503L, -762147589L, 1526932682L, 2105285164L, 584425007L, 
-2144624923L, 196776860L, 1868985842L, -2002227091L, -1394927193L, 
1687555022L, -1533136600L, 604615467L, 1888588105L, -797841832L, 
-1105496314L, -1092816159L, 1871042163L, -497336606L, 635028052L, 
1072212823L, -2070622387L, 1674179300L, 1573804746L, -1714007243L, 
1849563535L, -456487274L, -1494110656L, -256575741L, 1834626849L, 
-1135290352L, -1452195858L, -1657290855L, 423077931L, 1218874650L, 
1807278044L, 357401055L, 896878005L, 1236222796L, -2110627422L, 
-1619603203L, -206152201L, -273356002L, 439498200L, -1062785221L, 
-412178215L, 1018405992L, 375454102L, -1506113263L, -1004500285L, 
1206092498L, -1155873948L, 644572839L, 1909911549L, -1340413452L, 
-1036814630L, 1091069989L, 1178101055L, -472814906L, 1632700240L, 
1284355955L, 677149073L, 1923681216L, 1752186270L, 2003414889L, 
1735535515L, 2093740714L, -543728436L, -415595121L, -1612242491L, 
1691895164L, 1850822098L, 181958989L, -1918252025L, 1114434542L, 
-2138262840L, 1529335243L, 2055923753L, -1366782344L, -1127216218L, 
-977543743L, -1124713901L, -163090174L, -1754630092L, 276144567L, 
-1963137619L, 2004303556L, -951545110L, -1022417579L, -1291838737L, 
-1923905290L, 2092804128L, -873678365L, -1463686527L, -487881488L, 
-941540466L, -80997127L, -1233125749L, 1936649914L, -706190916L, 
82244351L, 1859700309L, 1040703852L, -969997886L, -2058462691L, 
-1851891049L, -601625602L, -1943165000L, -1023435877L, -645086727L, 
-1492029112L, 1641442422L, 193305009L, -2130909213L, -488844110L, 
-1360267004L, -169967033L, 838247709L, 924902292L, -693946566L, 
-1766204539L, 673058911L, -1536527642L, -640476816L, 1958863507L, 
2109700913L, -1179358752L, 794046078L, 493171977L, -1433737413L, 
1675353866L, 1146896108L, 723143535L, -1640391515L, -184811940L, 
21493298L, -1892006611L, -1594682393L, -1058958578L, 55629032L, 
-2044997909L, 404053897L, 944061208L, 1992683078L, -869589343L, 
2116485427L, 2108510370L, 1464115092L, -1123398121L, 520378893L, 
1517178660L, 50952970L, -779274635L, 1625712079L, -1514844458L, 
-512101760L, 775707843L, -1547469568L, 1631409212L, 1509598544L, 
625117346L, 1139070792L, 293662476L, -1386108196L, -56906926L, 
204399232L, -57661356L, -2014256152L, 951498490L, 775270736L, 
196676396L, 1293213556L, -1623123054L, 820469344L, -985661556L, 
801039200L, 960348130L, 1523523496L, 279012556L, 1592122876L, 
987259826L, -1497845264L, -1735937596L, 726991192L, -259598982L, 
-235433552L, 2055233468L, -1104670636L, -1130048574L, -526713824L, 
-1241203524L, -2056727984L, 138156002L, -1535512984L, 2074221132L, 
-197758724L, -1425833998L, 728913152L, 1542082420L, -809336824L, 
648445370L, 1994188240L, 1944370156L, -2060165228L, -836217902L, 
1613580128L, 1309916492L, 1997921568L, 247079810L, 1064809192L, 
759170284L, -106921412L, -1231002766L, 1671133808L, -1167618012L, 
-1956225224L, -771865446L, -363816240L, 1698072764L, -1007192428L, 
-237572478L, 332725440L, -1897541316L, 1817553040L, 1544405538L, 
462872072L, 1894742284L, 1252723356L, -629807598L, -1901271680L, 
1762399764L, -1588752856L, -1090529990L, -1324861488L, 214368876L, 
1667043124L, -460023150L, -1995146912L, -974075572L, -1646460960L, 
590739362L, 867307432L, -1080679540L, 1742075580L, 1670347634L, 
654645488L, 135622724L, -1562018472L, -506944454L, -47228048L, 
1475398716L, 945914644L, 605159874L, 119169248L, -1672853636L, 
355571408L, 1868605090L, 771927080L, -960769780L, 1186712508L, 
1585143090L, -1484408896L, 190681652L, -969335864L, 722973882L, 
-1675608176L, -1205047828L, 444837972L, -654692718L, 935711520L, 
2031461836L, 1622997984L, -202278206L, -1770354136L, 1943627436L, 
1053182652L, -1439741454L, -330106576L, -498230108L, -1510491464L, 
1324856154L, 889255312L, -666492548L, -451918572L, 444232002L, 
1789401856L, 1403939772L, -293915824L, 6404386L, -145826488L, 
1380898828L, -705093540L, 1399241938L, -222849024L, -1917371564L, 
788503016L, -858386438L, -1238708528L, 696825132L, -939556620L, 
-1806190702L, -1547641760L, -42185460L, -1802322208L, 1716993378L, 
21209768L, -1720694196L, 438617980L, -645215438L, 570422896L, 
-1158177468L, -117802024L, -1099497350L, -1158253008L, -1425415492L, 
1769391956L, -1227673022L, 1603167136L, 397697212L, 742758864L, 
-999791262L, 1411025896L, -1637740596L, 1776195324L, -927617038L, 
-168215424L, -1738196748L, -1125161848L, 223593786L, -270388400L, 
-1859240852L, 1703465108L, -319817390L, 1368188640L, -2137333556L, 
523120800L, -576278142L, 271880424L, 960188652L, -332763076L, 
-1004351374L, 495040624L, -2048411100L, 931942968L, 790536730L, 
-519591728L, -2106730948L, 1135350932L, 1526023298L, 1946021824L, 
-1592400580L, -474302832L, 1744210978L, 1701120008L, 1058534540L, 
-1760880612L, -160381806L, -250327936L, 1791237140L, -1635753176L, 
-1517949894L, 1976437968L, 1190669420L, 455366324L, -465387502L, 
1207308256L, 590787532L, 1399985632L, 1346698274L, -1827195608L, 
461988108L, 771501628L, 446207218L, -647800592L, 1598744388L, 
1284223064L, 1652922938L, -1803138832L, 2084623036L, 500474388L, 
896597186L, 886490720L, -916785796L, -1002054448L, -2111206589L, 
-169968060L, 1859550450L, -1277970233L, 164944529L, -1350548458L, 
-1412600204L, 124590341L, 574592847L, 425541960L, -676254490L, 
-889552365L, 1258198389L, -115906222L, 1929281952L, 840636553L, 
2113417403L, 1435544332L, 164944538L, -2117529585L, 962729049L, 
-289990418L, 1878350716L, -2076121107L, -1826774889L, 704064352L, 
1200147262L, 314975243L, -736664435L, -1789028934L, -987628552L, 
1446582177L, -1161662125L, 176623732L, -1182604798L, -1921352553L, 
-478019999L, -1462442330L, -1459532124L, 1135913813L, 430196735L, 
-1518217576L, -1284400202L, -264433597L, 1846897029L, -1959347678L, 
-316968688L, 1451757753L, 1014142315L, -9712548L, 719839626L, 
-1827953281L, 423962825L, -164450978L, -237048308L, 1262731741L, 
822509799L, 1270707472L, -1076814802L, 1086857947L, -1954090051L, 
-1723347670L, -359607864L, 2047012593L, 327827555L, 267990116L, 
175273874L, -1236804505L, 105444401L, -190677642L, 621320852L, 
120580261L, -419779153L, -956983704L, -831369658L, 884460531L, 
-793691307L, -1499892430L, 796776704L, 1258029545L, -1396001701L, 
770256556L, -1639159622L, -1276149137L, 1701728249L, 459935374L, 
1091690332L, -778951731L, 582837047L, -1076430400L, -421040482L, 
481359723L, -257052947L, -1559438502L, 424261656L, -296200831L, 
835969843L, 463581524L, 413168482L, -631705609L, 929886273L, 
197735622L, 2011591172L, -2092433995L, -178543969L, -367078664L, 
-433412394L, -543558813L, -1702520027L, 1100204226L, 237561264L, 
1468450265L, 145601355L, -738676292L, 1011724778L, 1392313887L, 
-1336970071L, -1082422210L, 613152044L, 1907052413L, -904761913L, 
92010672L, -1206024498L, -2115671045L, 1207069789L, 1991181194L, 
-483925080L, -139013871L, 1825372163L, -1409996028L, -1917880526L, 
-1514359417L, -109413423L, -1199684266L, -1641505996L, -1833871803L, 
-301014385L, 854649864L, 1940162598L, 645662931L, -491677131L, 
-2011719278L, -414896800L, 280921289L, -955754501L, 1262311372L, 
